title:命运2 DIM愿望单
description:夜松云制作的DIM愿望单，现在并不全面，将会随着夜松云的游玩逐渐完善。为了杜绝选择恐惧症，每把枪我尽量只选择一个perk作为推荐。夜松云不玩pvp所以只有pve的perk推荐。欢迎去b站关注夜松云咩，关注夜松云谢谢喵！夜松云的公会：无时辩解 欢迎各位小伙伴的加入！
//notes:山巅推荐自填，斩首和重组都可以，但是斩首更省心不用叠buff，好评
dimwishlist:item=568611922&perks=3798852852,3301904089,3300816228,1546637391
dimwishlist:item=568611922&perks=3525010810,3301904089,3300816228,1546637391
dimwishlist:item=568611922&perks=1441682018,3301904089,3300816228,1546637391
//notes:蒙恩的核心perk是福特子弹，有这个了就可以拿着用
dimwishlist:item=3381450498&perks=3798852852,3230963543,2859149211,2173046394
dimwishlist:item=3381450498&perks=3525010810,3230963543,2859149211,2173046394
dimwishlist:item=3381450498&perks=1441682018,3230963543,2859149211,2173046394
dimwishlist:item=3381450498&perks=3798852852,1087426260,2859149211,2173046394
dimwishlist:item=3381450498&perks=3525010810,1087426260,2859149211,2173046394
dimwishlist:item=3381450498&perks=1441682018,1087426260,2859149211,2173046394
dimwishlist:item=3381450498&perks=3798852852,106909392,2859149211,2173046394
dimwishlist:item=3381450498&perks=3525010810,106909392,2859149211,2173046394
dimwishlist:item=3381450498&perks=1441682018,106909392,2859149211,2173046394
dimwishlist:item=3381450498&perks=3798852852,2822142346,2859149211,2173046394
dimwishlist:item=3381450498&perks=3525010810,2822142346,2859149211,2173046394
dimwishlist:item=3381450498&perks=1441682018,2822142346,2859149211,2173046394
dimwishlist:item=3381450498&perks=3798852852,1380253176,2859149211,2173046394
dimwishlist:item=3381450498&perks=3525010810,1380253176,2859149211,2173046394
dimwishlist:item=3381450498&perks=1441682018,1380253176,2859149211,2173046394
dimwishlist:item=3381450498&perks=3798852852,3230963543,1556840489,2173046394
dimwishlist:item=3381450498&perks=3525010810,3230963543,1556840489,2173046394
dimwishlist:item=3381450498&perks=1441682018,3230963543,1556840489,2173046394
dimwishlist:item=3381450498&perks=3798852852,1087426260,1556840489,2173046394
dimwishlist:item=3381450498&perks=3525010810,1087426260,1556840489,2173046394
dimwishlist:item=3381450498&perks=1441682018,1087426260,1556840489,2173046394
dimwishlist:item=3381450498&perks=3798852852,106909392,1556840489,2173046394
dimwishlist:item=3381450498&perks=3525010810,106909392,1556840489,2173046394
dimwishlist:item=3381450498&perks=1441682018,106909392,1556840489,2173046394
dimwishlist:item=3381450498&perks=3798852852,2822142346,1556840489,2173046394
dimwishlist:item=3381450498&perks=3525010810,2822142346,1556840489,2173046394
dimwishlist:item=3381450498&perks=1441682018,2822142346,1556840489,2173046394
dimwishlist:item=3381450498&perks=3798852852,1380253176,1556840489,2173046394
dimwishlist:item=3381450498&perks=3525010810,1380253176,1556840489,2173046394
dimwishlist:item=3381450498&perks=1441682018,1380253176,1556840489,2173046394
//notes:锻造金perk
dimwishlist:item=431721920&perks=839105230,3230963543,64866129,1183436451
dimwishlist:item=431721920&perks=839105230,3230963543,64866129,2675184851
//notes:自制perk推荐
dimwishlist:item=568611921&perks=3798852852,2822142346,2010801679,2396489472
dimwishlist:item=568611921&perks=3525010810,2822142346,2010801679,2396489472
dimwishlist:item=568611921&perks=1441682018,2822142346,2010801679,2396489472
//notes:这把枪居然跟自制差不多，也挺强的
dimwishlist:item=1606497639&perks=3798852852,2822142346,968510818,2048641572
dimwishlist:item=1606497639&perks=3525010810,2822142346,968510818,2048641572
dimwishlist:item=1606497639&perks=1441682018,2822142346,968510818,2048641572
dimwishlist:item=1606497639&perks=3798852852,2822142346,2869569095,2048641572
dimwishlist:item=1606497639&perks=3525010810,2822142346,2869569095,2048641572
dimwishlist:item=1606497639&perks=1441682018,2822142346,2869569095,2048641572
//notes:缚丝泰坦领航员打拳
dimwishlist:item=1679868061&perks=1300023272,106909392,3442762221,788178929
//notes:近战攻击接三连喷
dimwishlist:item=1679868061&perks=1300023272,106909392,3442762221,2459015849
//notes:万金油
dimwishlist:item=1679868061&perks=1300023272,106909392,3442762221,3418165135
//notes:鹰月是一把pvp手枪，出人意料的是手感很不错。测距仪可以增加你的射程，而速射瞄准便于你比敌人更快的开出第一枪
dimwishlist:item=235827225&perks=1926090094,1885400500,2846385770,957782887
dimwishlist:item=235827225&perks=1926090095,1885400500,2846385770,957782887
